bit 0 = 

00 00  00 00  00 00  00 00   - f6 f6 f6 f6 f6 f6 b6 f6 36 36 36 36 36 36 36 36 
00 00  00 00  00 00  00 00   - 36 36 b6 36 36 36 36 36 b6 36 36 b6 36 b6 36 36 
00 00  00 00  00 00  00 00   - 36 36 b6 b6 b6 36 36 36 36 36 76 36 f2 76 e2 62 
00 00  00 10  11 11  11 11   - 62 62 f2 62 72 72 73 72 3b 3b 3b 3b 3b 3b 3b 3b 

00 00  00 00  00 00  00 00   - f6 f6 f6 f6 f6 f6 b6 f6 36 36 36 36 36 36 36 36 
00 00  00 00  00 00  00 00   - 36 36 b6 36 36 36 36 36 b6 36 36 b6 36 b6 36 36 
00 00  00 00  00 00  00 00   - 36 36 b6 b6 b6 36 36 36 36 36 76 36 f2 76 e2 62 
00 00  00 10  11 11  11 11   - 62 62 f2 62 72 72 73 72 3b 3b 3b 3b 3b 3b 3b 3b 

00 00  00 00  00 00  00 00   - c0 c4 c0 c4 c0 c4 84 c4 04 04 84 04 04 04 04 04 
00 00  00 00  00 00  00 00   - 04 84 04 04 04 04 84 84 04 04 84 84 04 04 04 84 
00 00  00 00  00 00  00 00   - 04 04 84 04 04 04 04 04 14 04 54 14 50 d4 c0 40 
00 00  00 10  11 11  11 11   - 40 40 40 c0 40 40 41 40 3b 3b 3b 3b 3b 3b 3b 3b 

00 00  00 00  00 00  00 00   - d2 d6 d2 d6 d2 d6 92 d6 12 16 92 16 12 16 12 16 
00 00  00 00  00 00  00 00   - 12 96 12 16 12 16 92 96 12 16 92 96 12 16 12 96 
00 00  00 00  00 00  00 00   - 12 12 92 12 12 12 12 12 12 12 52 12 52 d2 c2 42 
00 00  00 10  11 11  11 11   - 42 42 52 c2 52 52 5b 52 3b 3b 3b 3b 3b 3b 3b 3b 

a[7-6] = xx
a[5-4] = 11
a[3-0] = 0110|1xxx



bit 1 = 

11 11  11 11  11 11  11 11   - f6 f6 f6 f6 f6 f6 b6 f6 36 36 36 36 36 36 36 36 
11 11  11 11  11 11  11 11   - 36 36 b6 36 36 36 36 36 b6 36 36 b6 36 b6 36 36 
11 11  11 11  11 11  11 11   - 36 36 b6 b6 b6 36 36 36 36 36 76 36 f2 76 e2 62 
11 11  11 11  11 11  11 11   - 62 62 f2 62 72 72 73 72 3b 3b 3b 3b 3b 3b 3b 3b 

11 11  11 11  11 11  11 11   - f6 f6 f6 f6 f6 f6 b6 f6 36 36 36 36 36 36 36 36 
11 11  11 11  11 11  11 11   - 36 36 b6 36 36 36 36 36 b6 36 36 b6 36 b6 36 36 
11 11  11 11  11 11  11 11   - 36 36 b6 b6 b6 36 36 36 36 36 76 36 f2 76 e2 62 
11 11  11 11  11 11  11 11   - 62 62 f2 62 72 72 73 72 3b 3b 3b 3b 3b 3b 3b 3b 

00 00  00 00  00 00  00 00   - c0 c4 c0 c4 c0 c4 84 c4 04 04 84 04 04 04 04 04 
00 00  00 00  00 00  00 00   - 04 84 04 04 04 04 84 84 04 04 84 84 04 04 04 84 
00 00  00 00  00 00  00 00   - 04 04 84 04 04 04 04 04 14 04 54 14 50 d4 c0 40 
00 00  00 00  11 11  11 11   - 40 40 40 c0 40 40 41 40 3b 3b 3b 3b 3b 3b 3b 3b 

11 11  11 11  11 11  11 11   - d2 d6 d2 d6 d2 d6 92 d6 12 16 92 16 12 16 12 16 
11 11  11 11  11 11  11 11   - 12 96 12 16 12 16 92 96 12 16 92 96 12 16 12 96 
11 11  11 11  11 11  11 11   - 12 12 92 12 12 12 12 12 12 12 52 12 52 d2 c2 42 
11 11  11 11  11 11  11 11   - 42 42 52 c2 52 52 5b 52 3b 3b 3b 3b 3b 3b 3b 3b 

a[7-6] = 0x|11
a[5-0] = xxxxxx

a[7-6] = 10
a[5-4] = 11
a[3-0] = 1xxx



bit 2 = 

11 11  11 11  11 11  11 11   - f6 f6 f6 f6 f6 f6 b6 f6 36 36 36 36 36 36 36 36    00-15
11 11  11 11  11 11  11 11   - 36 36 b6 36 36 36 36 36 b6 36 36 b6 36 b6 36 36    16-31
11 11  11 11  11 11  01 00   - 36 36 b6 b6 b6 36 36 36 36 36 76 36 f2 76 e2 62    32-43,45
00 00  00 00  00 00  00 00   - 62 62 f2 62 72 72 73 72 3b 3b 3b 3b 3b 3b 3b 3b 

11 11  11 11  11 11  11 11   - f6 f6 f6 f6 f6 f6 b6 f6 36 36 36 36 36 36 36 36    00-15
11 11  11 11  11 11  11 11   - 36 36 b6 36 36 36 36 36 b6 36 36 b6 36 b6 36 36    16-31
11 11  11 11  11 11  01 00   - 36 36 b6 b6 b6 36 36 36 36 36 76 36 f2 76 e2 62    32-43,45
00 00  00 00  00 00  00 00   - 62 62 f2 62 72 72 73 72 3b 3b 3b 3b 3b 3b 3b 3b 

01 01  01 11  11 11  11 11   - c0 c4 c0 c4 c0 c4 84 c4 04 04 84 04 04 04 04 04    1,3,5-15
11 11  11 11  11 11  11 11   - 04 84 04 04 04 04 84 84 04 04 84 84 04 04 04 84    16-31
11 11  11 11  11 11  01 00   - 04 04 84 04 04 04 04 04 14 04 54 14 50 d4 c0 40    32-43,45
00 00  00 00  00 00  00 00   - 40 40 40 c0 40 40 41 40 3b 3b 3b 3b 3b 3b 3b 3b 

01 01  01 01  01 01  01 01   - d2 d6 d2 d6 d2 d6 92 d6 12 16 92 16 12 16 12 16    1,3,5,7,9,11,13,15
01 01  01 01  01 01  01 01   - 12 96 12 16 12 16 92 96 12 16 92 96 12 16 12 96    17,19,21,23,25,27,29,31
00 00  00 00  00 00  00 00   - 12 12 92 12 12 12 12 12 12 12 52 12 52 d2 c2 42 
00 00  00 00  00 00  00 00   - 42 42 52 c2 52 52 5b 52 3b 3b 3b 3b 3b 3b 3b 3b 

a[7-6] = 0x
a[5-0] = 0xxxx | 100xxx | 1010xx | 101101

a[7-6] = 10
a[5-0] = 0000x1 | 000101 | 00011x | 001xxx
       | 01xxxx
       | 100xxx | 1010xx | 101101

a[7-6] = 11
a[5-0] = 0xxxx1


bit 3 = 

00 00  00 00  00 00  00 00   - f6 f6 f6 f6 f6 f6 b6 f6 36 36 36 36 36 36 36 36 
00 00  00 00  00 00  00 00   - 36 36 b6 36 36 36 36 36 b6 36 36 b6 36 b6 36 36 
00 00  00 00  00 00  00 00   - 36 36 b6 b6 b6 36 36 36 36 36 76 36 f2 76 e2 62 
00 00  00 00  11 11  11 11   - 62 62 f2 62 72 72 73 72 3b 3b 3b 3b 3b 3b 3b 3b 

00 00  00 00  00 00  00 00   - f6 f6 f6 f6 f6 f6 b6 f6 36 36 36 36 36 36 36 36 
00 00  00 00  00 00  00 00   - 36 36 b6 36 36 36 36 36 b6 36 36 b6 36 b6 36 36 
00 00  00 00  00 00  00 00   - 36 36 b6 b6 b6 36 36 36 36 36 76 36 f2 76 e2 62 
00 00  00 00  11 11  11 11   - 62 62 f2 62 72 72 73 72 3b 3b 3b 3b 3b 3b 3b 3b 

00 00  00 00  00 00  00 00   - c0 c4 c0 c4 c0 c4 84 c4 04 04 84 04 04 04 04 04 
00 00  00 00  00 00  00 00   - 04 84 04 04 04 04 84 84 04 04 84 84 04 04 04 84 
00 00  00 00  00 00  00 00   - 04 04 84 04 04 04 04 04 14 04 54 14 50 d4 c0 40 
00 00  00 00  11 11  11 11   - 40 40 40 c0 40 40 41 40 3b 3b 3b 3b 3b 3b 3b 3b 

00 00  00 00  00 00  00 00   - d2 d6 d2 d6 d2 d6 92 d6 12 16 92 16 12 16 12 16 
00 00  00 00  00 00  00 00   - 12 96 12 16 12 16 92 96 12 16 92 96 12 16 12 96 
00 00  00 00  00 00  00 00   - 12 12 92 12 12 12 12 12 12 12 52 12 52 d2 c2 42 
00 00  00 10  11 11  11 11   - 42 42 52 c2 52 52 5b 52 3b 3b 3b 3b 3b 3b 3b 3b 

a[7-6] = 0x|10
a[5-4] = 11
a[3-0] = 1xxx

a[7-6] = 11
a[5-4] = 11
a[3-0] = 0110|1xxx


bit 4 = 

11 11  11 11  11 11  11 11   - f6 f6 f6 f6 f6 f6 b6 f6 36 36 36 36 36 36 36 36 
11 11  11 11  11 11  11 11   - 36 36 b6 36 36 36 36 36 b6 36 36 b6 36 b6 36 36 
11 11  11 11  11 11  11 00   - 36 36 b6 b6 b6 36 36 36 36 36 76 36 f2 76 e2 62     all except 46/47
00 10  11 11  11 11  11 11   - 62 62 f2 62 72 72 73 72 3b 3b 3b 3b 3b 3b 3b 3b     all except 48/49/51

11 11  11 11  11 11  11 11   - f6 f6 f6 f6 f6 f6 b6 f6 36 36 36 36 36 36 36 36 
11 11  11 11  11 11  11 11   - 36 36 b6 36 36 36 36 36 b6 36 36 b6 36 b6 36 36 
11 11  11 11  11 11  11 00   - 36 36 b6 b6 b6 36 36 36 36 36 76 36 f2 76 e2 62     all except 46/47
00 10  11 11  11 11  11 11   - 62 62 f2 62 72 72 73 72 3b 3b 3b 3b 3b 3b 3b 3b     all except 48/49/51

00 00  00 00  00 00  00 00   - c0 c4 c0 c4 c0 c4 84 c4 04 04 84 04 04 04 04 04 
00 00  00 00  00 00  00 00   - 04 84 04 04 04 04 84 84 04 04 84 84 04 04 04 84 
00 00  00 00  10 11  11 00   - 04 04 84 04 04 04 04 04 14 04 54 14 50 d4 c0 40     40/42/43/44/45
00 00  00 00  11 11  11 11   - 40 40 40 c0 40 40 41 40 3b 3b 3b 3b 3b 3b 3b 3b     56-63

11 11  11 11  11 11  11 11   - d2 d6 d2 d6 d2 d6 92 d6 12 16 92 16 12 16 12 16 
11 11  11 11  11 11  11 11   - 12 96 12 16 12 16 92 96 12 16 92 96 12 16 12 96 
11 11  11 11  11 11  11 00   - 12 12 92 12 12 12 12 12 12 12 52 12 52 d2 c2 42     all except 46/47
00 10  11 11  11 11  11 11   - 42 42 52 c2 52 52 5b 52 3b 3b 3b 3b 3b 3b 3b 3b     all except 48/49/51

a[7-6] = 0x|11
a[5-0] = 0xxxxx
       | 100xxx|1010xx|10110x
       | 110010|1101xx|111xxx

a[7-6] = 10
a[5-0] = 101000|10101x|10110x
       | 111xxx


bit 5 = 

11 11  11 11  11 11  11 11   - f6 f6 f6 f6 f6 f6 b6 f6 36 36 36 36 36 36 36 36 
11 11  11 11  11 11  11 11   - 36 36 b6 36 36 36 36 36 b6 36 36 b6 36 b6 36 36 
11 11  11 11  11 11  11 11   - 36 36 b6 b6 b6 36 36 36 36 36 76 36 f2 76 e2 62 
11 11  11 11  11 11  11 11   - 62 62 f2 62 72 72 73 72 3b 3b 3b 3b 3b 3b 3b 3b 

11 11  11 11  11 11  11 11   - f6 f6 f6 f6 f6 f6 b6 f6 36 36 36 36 36 36 36 36 
11 11  11 11  11 11  11 11   - 36 36 b6 36 36 36 36 36 b6 36 36 b6 36 b6 36 36 
11 11  11 11  11 11  11 11   - 36 36 b6 b6 b6 36 36 36 36 36 76 36 f2 76 e2 62 
11 11  11 11  11 11  11 11   - 62 62 f2 62 72 72 73 72 3b 3b 3b 3b 3b 3b 3b 3b 

00 00  00 00  00 00  00 00   - c0 c4 c0 c4 c0 c4 84 c4 04 04 84 04 04 04 04 04 
00 00  00 00  00 00  00 00   - 04 84 04 04 04 04 84 84 04 04 84 84 04 04 04 84 
00 00  00 00  00 00  00 00   - 04 04 84 04 04 04 04 04 14 04 54 14 50 d4 c0 40 
00 00  00 00  11 11  11 11   - 40 40 40 c0 40 40 41 40 3b 3b 3b 3b 3b 3b 3b 3b     56-63

00 00  00 00  00 00  00 00   - d2 d6 d2 d6 d2 d6 92 d6 12 16 92 16 12 16 12 16 
00 00  00 00  00 00  00 00   - 12 96 12 16 12 16 92 96 12 16 92 96 12 16 12 96 
00 00  00 00  00 00  00 00   - 12 12 92 12 12 12 12 12 12 12 52 12 52 d2 c2 42 
00 00  00 00  11 11  11 11   - 42 42 52 c2 52 52 5b 52 3b 3b 3b 3b 3b 3b 3b 3b     56-63

a[7-6] = 0x
a[5-0] = xxxxxx

a[7-6] = 1x
a[5-4] = 11
a[3-0] = 1xxx


bit 6 = 

11 11  11 01  00 00  00 00   - f6 f6 f6 f6 f6 f6 b6 f6 36 36 36 36 36 36 36 36      0-5,7
00 00  00 00  00 00  00 00   - 36 36 b6 36 36 36 36 36 b6 36 36 b6 36 b6 36 36 
00 00  00 00  00 10  11 11   - 36 36 b6 b6 b6 36 36 36 36 36 76 36 f2 76 e2 62      42,44-47
11 11  11 11  00 00  00 00   - 62 62 f2 62 72 72 73 72 3b 3b 3b 3b 3b 3b 3b 3b      48-55

11 11  11 01  00 00  00 00   - f6 f6 f6 f6 f6 f6 b6 f6 36 36 36 36 36 36 36 36      0-5,7
00 00  00 00  00 00  00 00   - 36 36 b6 36 36 36 36 36 b6 36 36 b6 36 b6 36 36 
00 00  00 00  00 10  11 11   - 36 36 b6 b6 b6 36 36 36 36 36 76 36 f2 76 e2 62      42,44-47
11 11  11 11  00 00  00 00   - 62 62 f2 62 72 72 73 72 3b 3b 3b 3b 3b 3b 3b 3b      48-55

11 11  11 01  00 00  00 00   - c0 c4 c0 c4 c0 c4 84 c4 04 04 84 04 04 04 04 04      0-5,7
00 00  00 00  00 00  00 00   - 04 84 04 04 04 04 84 84 04 04 84 84 04 04 04 84 
00 00  00 00  00 10  11 11   - 04 04 84 04 04 04 04 04 14 04 54 14 50 d4 c0 40      42,44-47
11 11  11 11  00 00  00 00   - 40 40 40 c0 40 40 41 40 3b 3b 3b 3b 3b 3b 3b 3b      48-55

11 11  11 01  00 00  00 00   - d2 d6 d2 d6 d2 d6 92 d6 12 16 92 16 12 16 12 16      0-5,7
00 00  00 00  00 00  00 00   - 12 96 12 16 12 16 92 96 12 16 92 96 12 16 12 96 
00 00  00 00  00 10  11 11   - 12 12 92 12 12 12 12 12 12 12 52 12 52 d2 c2 42      42,44-47
11 11  11 11  00 00  00 00   - 42 42 52 c2 52 52 5b 52 3b 3b 3b 3b 3b 3b 3b 3b      48-55

a[7-6] = xx
a[5-0] = 0000xx,00010x,000111
         101010,101100,101101,101110,101111
         110xxx


bit 7 = 

11 11  11 11  00 00  00 00   - f6 f6 f6 f6 f6 f6 b6 f6 36 36 36 36 36 36 36 36      0-7
00 10  00 00  10 01  01 00   - 36 36 b6 36 36 36 36 36 b6 36 36 b6 36 b6 36 36      18,24,27,29
00 11  10 00  00 00  10 10   - 36 36 b6 b6 b6 36 36 36 36 36 76 36 f2 76 e2 62      34-36,44,46
00 10  00 00  00 00  00 00   - 62 62 f2 62 72 72 73 72 3b 3b 3b 3b 3b 3b 3b 3b      50

11 11  11 11  00 00  00 00   - f6 f6 f6 f6 f6 f6 b6 f6 36 36 36 36 36 36 36 36      0-7
00 10  00 00  10 01  01 00   - 36 36 b6 36 36 36 36 36 b6 36 36 b6 36 b6 36 36      18,24,27,29
00 11  10 00  00 00  10 10   - 36 36 b6 b6 b6 36 36 36 36 36 76 36 f2 76 e2 62      34-36,44,46
00 10  00 00  00 00  00 00   - 62 62 f2 62 72 72 73 72 3b 3b 3b 3b 3b 3b 3b 3b      50

11 11  11 11  00 10  00 00   - c0 c4 c0 c4 c0 c4 84 c4 04 04 84 04 04 04 04 04      0-7,10
01 00  00 11  00 11  00 01   - 04 84 04 04 04 04 84 84 04 04 84 84 04 04 04 84      18,24,27,29
00 10  00 00  00 00  01 10   - 04 04 84 04 04 04 04 04 14 04 54 14 50 d4 c0 40      34,45,46
00 01  00 00  00 00  00 00   - 40 40 40 c0 40 40 41 40 3b 3b 3b 3b 3b 3b 3b 3b      51

11 11  11 11  00 10  00 00   - d2 d6 d2 d6 d2 d6 92 d6 12 16 92 16 12 16 12 16      0-7,10
01 00  00 11  00 11  00 01   - 12 96 12 16 12 16 92 96 12 16 92 96 12 16 12 96      18,24,27,29
00 10  00 00  00 00  01 10   - 12 12 92 12 12 12 12 12 12 12 52 12 52 d2 c2 42      34,45,46
00 01  00 00  00 00  00 00   - 42 42 52 c2 52 52 5b 52 3b 3b 3b 3b 3b 3b 3b 3b      51

a[7-6] = 0x
a[5-0] = 000xxx
         010010,011000,011011,011101
         10001x,10x100,101110
         110010

a[7-6] = 1x
a[5-0] = 000xxx,001010
         010001,01011x,011010,011x11
         100010,101101,101110
         110011

