          0 0  0 0  0 0  0 0  1 1  1 1  1 1  1 1
          0 0  0 0  1 1  1 1  0 0  0 0  1 1  1 1
          0 0  1 1  0 0  1 1  0 0  1 1  0 0  1 1
          0 1  0 1  0 1  0 1  0 1  0 1  0 1  0 1


   0000   f6f6 f6f6 f6f6 b6f6 3636 3636 3636 3636
   0001   3636 b636 3636 3636 b636 36b6 36b6 3636
   0010   3636 b6b6 b636 3636 3636 7636 f276 e262
   0011   6262 f262 7272 7372 3b3b 3b3b 3b3b 3b3b

   0100   f6f6 f6f6 f6f6 b6f6 3636 3636 3636 3636
   0101   3636 b636 3636 3636 b636 36b6 36b6 3636
   0110   3636 b6b6 b636 3636 3636 7636 f276 e262
   0111   6262 f262 7272 7372 3b3b 3b3b 3b3b 3b3b

   1000   c0c4 c0c4 c0c4 84c4 0404 8404 0404 0404
   1001   0484 0404 0404 8484 0404 8484 0404 0484
   1010   0404 8404 0404 0404 1404 5414 50d4 c040
   1011   4040 40c0 4040 4140 3b3b 3b3b 3b3b 3b3b

   1100   d2d6 d2d6 d2d6 92d6 1216 9216 1216 1216
   1101   1296 1216 1216 9296 1216 9296 1216 1296
   1110   1212 9212 1212 1212 1212 5212 52d2 c242
   1111   4242 52c2 5252 5b52 3b3b 3b3b 3b3b 3b3b


