Run gal2 on the PROM, write down bits as hex nibbles

xxxx = F F 0 0 1 0 2 8 9 3 0 5 3 0 0 0
       F F 0 0 1 0 2 8 9 3 0 5 3 0 0 0
       F F 1 0 8 4 0 7 2 0 3 2 3 0 0 0 
       F F 1 0 8 4 0 7 2 0 3 2 3 0 0 0 

0010 = F F 0 0 1 0 0 0 6 5 0 3 4 0 0 0 
       F F 0 0 1 0 0 0 6 5 0 3 4 0 0 0 
       F F 0 2 8 2 0 3 6 0 0 1 0 0 0 0 
       F F 0 2 8 2 0 3 6 0 0 1 0 0 0 0 

0195 = F F 0 0 1 0 2 9 6 7 0 6 2 0 0 0 
       F F 0 0 1 0 2 9 6 7 0 6 2 0 0 0 
       F F 1 0 8 3 2 4 4 0 1 9 5 0 0 0 
       F F 1 0 8 3 2 4 4 0 1 9 5 0 0 0 

